-0.181085 0.114369 -0.353256 -0.123973 -0.042297 0.147204 0.048292 0.246552
-0.228593 -0.330189 -0.241009 -0.082150 0.279581 0.292675 -0.109685 0.162593
-0.266528 -0.201893 0.185758 -0.053798 0.208793 -0.098754 0.153580 0.128516
-0.226173 0.339467 0.357098 -0.231102 -0.144954 0.195827 0.001820 0.370729
-0.285602 0.221054 0.220468 -0.167030 -0.369841 -0.093418 -0.054928 -0.319907
-0.026704 0.205557 0.279235 0.169571 0.066524 0.237355 0.227281 0.069122
0.062180 -0.226301 -0.242105 -0.115763 -0.228603 0.372671 0.048298 -0.210063
-0.198366 0.072346 -0.452159 -0.137674 0.135027 0.255171 -0.005161 -0.101198
-0.307387 0.196780 -0.232018 0.127818 0.209752 -0.191463 -0.367698 -0.151190
0.302724 0.378159 0.063635 0.143044 0.367438 0.150753 -0.212343 -0.255348
-0.209698 0.249585 0.214632 0.085278 -0.109386 -0.008132 -0.210404 0.097769
-0.086662 0.196295 -0.202620 0.071067 -0.018727 0.110226 -0.162001 0.002756
-0.146157 0.175054 0.273242 0.188563 0.026800 0.041666 -0.068250 0.118000
0.370739 0.271501 -0.199615 0.154634 0.289722 -0.359884 0.223293 -0.240320
-0.206443 -0.169346 -0.011734 0.101457 -0.359973 0.011821 0.336510 -0.084890
0.184665 0.201512 0.235404 -0.277851 0.259646 -0.269725 0.137643 -0.036182
-0.221241 -0.123764 -0.041658 0.249261 0.231506 0.302487 -0.085431 0.142720
0.201266 -0.119755 -0.104123 0.063569 -0.112579 -0.309237 -0.244008 0.186626
-0.160219 0.237445 0.200837 0.192720 0.182194 0.295091 0.275023 0.009362
-0.000653 0.020922 -0.146746 -0.107653 -0.411736 -0.193284 0.037889 0.155757
-0.103447 0.170360 -0.161280 -0.171117 0.131711 -0.220306 -0.069824 -0.148673
0.030564 -0.223164 0.158146 0.194554 0.170797 0.053346 0.107638 0.214263
0.256031 0.000459 -0.337840 0.391055 0.027099 -0.020320 0.149392 -0.023618
-0.159329 0.254663 0.259378 0.156030 -0.051486 -0.062316 0.038302 -0.311391
-0.110647 0.013636 -0.318192 0.116626 0.023754 -0.139026 -0.291890 -0.264654
-0.252066 0.178561 0.139763 0.353964 0.391421 0.209251 0.176300 -0.089791
0.130222 0.007145 0.321633 0.155932 0.261970 -0.077778 0.285910 -0.148717
-0.318407 0.169515 -0.151620 0.007390 -0.105043 -0.026752 -0.048716 -0.041110
-0.182510 -0.253703 -0.149384 -0.167331 -0.111942 -0.163208 0.206067 0.108785
-0.070478 -0.117797 0.048175 -0.095814 -0.155640 -0.242960 -0.002448 0.193749
0.140194 -0.296710 0.379988 -0.091815 0.093451 0.007855 -0.114079 0.334531
0.046969 0.081319 -0.225962 0.241585 -0.052957 -0.095778 -0.237997 0.197815
0.176930 0.196257 -0.124883 -0.072754 -0.239559 -0.348291 -0.192341 -0.041588
-0.216415 -0.318334 0.304336 -0.050602 -0.066634 -0.081250 -0.310545 -0.120682
0.361493 0.112147 -0.144980 0.266257 0.350892 -0.299509 0.257278 0.239198
-0.198486 0.014645 0.134110 -0.037057 0.127010 -0.286033 -0.150148 0.150331
-0.090860 -0.150248 -0.203102 0.145981 -0.314316 0.107425 -0.229914 -0.118301
-0.179997 0.150264 0.012788 0.245618 0.111083 0.217851 0.019554 -0.086947
-0.087700 -0.310262 -0.073785 0.182285 0.274246 -0.216558 0.186719 -0.335636
0.261264 -0.119459 -0.112105 0.200719 0.119651 0.078808 0.265592 -0.220792
-0.171523 -0.043938 -0.075649 0.052813 0.233607 0.244402 -0.268579 0.143838
0.187584 0.113182 0.094027 -0.280292 -0.043426 -0.247751 0.374186 -0.136618
0.057408 -0.023062 0.136584 -0.120749 0.246942 0.288328 0.097701 -0.191936
-0.056475 -0.247492 0.091023 0.024705 -0.250737 -0.325101 -0.437218 0.034248
0.179369 -0.048295 -0.166839 0.167947 0.037807 0.129449 -0.089597 0.189718
-0.143281 0.319613 -0.189952 0.036760 0.088221 0.046687 -0.131846 -0.360876
-0.192510 -0.069747 0.098973 0.249309 0.033154 0.101139 0.128690 -0.029037
0.272064 0.294271 -0.142963 -0.307159 -0.318440 0.261046 0.013680 0.065161
0.258058 -0.307702 0.081692 0.316379 0.118063 0.176219 -0.128232 0.069530
-0.174748 -0.069295 -0.249343 -0.256887 -0.090526 0.219505 0.118993 -0.003685
0.287393 0.385602 0.243781 -0.246556 0.265328 0.051190 0.277484 0.203867
0.166140 -0.155896 -0.110506 -0.317050 -0.245333 0.037577 -0.325541 0.088899
-0.168687 -0.208693 0.091887 0.137523 -0.141062 0.278695 0.204792 0.177640
0.072221 -0.052636 0.029132 -0.203815 0.308290 -0.095121 -0.233027 -0.128345
-0.117166 0.328754 0.064933 0.159537 -0.191005 0.341244 0.199513 -0.158667
0.068101 -0.368925 -0.031939 0.107033 0.059289 -0.340921 0.203414 0.023187
-0.105262 0.233780 0.097244 -0.060019 -0.230451 0.011813 0.073529 -0.062342
-0.030371 0.216861 -0.346457 -0.132280 0.108044 -0.189818 -0.215270 -0.025142
0.067760 -0.003361 -0.012110 0.351998 -0.212454 0.121901 0.162807 0.340009
0.096165 -0.487969 -0.164381 -0.125630 -0.158981 -0.259838 -0.213032 -0.075223
0.033458 -0.286590 0.006557 -0.381394 -0.092166 -0.145249 0.295359 -0.239146
0.295779 -0.243014 -0.083305 0.140086 -0.400186 0.143201 0.049449 0.020657
0.374035 -0.193380 -0.083582 -0.368169 -0.049944 0.079004 -0.067309 0.016520
-0.170423 -0.277269 0.165244 0.241109 0.180549 -0.202677 0.113768 -0.286210
